1 8574
2 24338
3 5662
4 42908
5 35200
6 50680
7 42850
8 82650
9 73112
10 73648
11 92876
12 102142
13 90954
14 98180
15 119308
16 110128
17 117020
18 116926
19 123690
20 95246
21 112486
22 120124
23 123384
24 107184
25 139580
26 112960
27 127466
28 85878
29 195168
30 193152
31 175514
32 207190
33 200448
34 201304
35 171288
36 192832
37 194264
38 210710
39 196400
40 181404
41 216306
42 228092
43 230892
44 173168
45 234996
46 209844
47 211576
48 184002
49 206508
50 225860
51 204804
52 196284
53 228768
54 224666
55 206092
56 223162
57 213056
58 232392
59 174564
60 228824
61 220806
62 216520
63 208570
64 142754
65 172730
66 130664
67 138894
68 109894
69 108328
70 137348
71 125808
72 135122
73 181310
74 103798
75 121044
76 127376
77 149016
78 223276
79 116842
80 159464
81 143286
82 178228
83 176586
84 141316
85 148426
86 220342
87 223058
88 169298
89 111374
90 190944
91 215852
92 204618
93 136032
94 201018
95 183704
96 211004
97 151344
98 201618
99 193528
100 199536
101 196898
102 216324
103 208088
104 177658
105 153926
106 140116
107 151424
108 133900
109 142948
110 158106
111 141990
112 138344
113 131728
114 140814
115 100956
116 114408
117 135986
118 137176
119 166524
120 166580
121 152060
122 164984
123 146952
124 147804
125 165700
126 192176
127 168536
128 102676
129 104426
130 101950
131 101764
132 75402
133 106634
134 110194
135 118906
136 122096
137 188612
138 185794
139 155370
140 162610
141 180106
142 195720
143 218104
144 187002
145 170384
146 110726
147 193988
148 150744
149 159914
150 149632
151 168204
152 151606
153 121156
154 139892
155 129898
156 146176
157 174542
158 202874
159 159566
160 209514
161 155596
162 201820
163 202448
164 237698
165 161624
166 171544
167 109508
168 174654
169 199404
170 166966
171 226756
172 215742
173 199052
174 158704
175 257880
176 204716
177 206802
178 194820
179 224438
180 207334
181 220156
182 209206
183 177756
184 209356
185 223924
186 181476
187 165080
188 211870
189 222144
190 148324
191 197736
192 250204
193 191672
194 121740
195 194534
196 246942
197 207312
198 167338
199 220096
200 220860
201 168496
202 202168
203 220820
204 175606
205 183904
206 176562
207 198264
208 154828
209 214618
210 215600
211 193536
212 160196
213 230428
214 155768
215 140234
216 107052
217 119812
218 223316
219 228348
220 105938
221 156480
222 157278
223 152720
224 127948
225 105458
226 133048
227 241610
228 224608
229 196740
230 229872
231 239572
232 227786
233 226840
234 222170
235 214576
236 223410
237 220508
238 171472
239 130542
240 131412
241 182202
242 126272
243 77644
244 121548
245 155918
246 143122
247 171864
248 151116
249 183512
250 192514
251 206570
252 210588
253 233562
254 177884
255 169764
256 179158
257 221214
258 202104
259 186046
260 193410
261 183694
262 204274
263 192934
264 244048
265 160244
266 143038
267 178192
268 222068
269 198758
270 198520
271 167468
272 207816
273 145418
274 174244
275 154574
276 153524
277 139650
278 124502
279 103894
280 121226
281 107618
282 193508
283 176582
284 180964
285 182798
286 223832
287 193606
288 196574
289 204834
290 191716
291 212814
292 204372
293 215348
294 212450
295 214172
296 208376
297 205198
298 224070
299 208880
300 219086
301 219058
302 202510
303 219338
304 208698
305 222432
306 198114
307 206122
308 227906
309 196350
310 220738
311 206822
312 214816
313 214606
314 204414
315 228060
316 186942
317 213808
318 217966
319 218680
320 192976
321 193032
322 214886
323 186032
324 217364
325 236992
326 233856
327 180460
328 209454
329 228494
330 178612
331 200200
332 224000
333 232386
334 178416
335 234276
336 232190
337 172676
338 207704
339 232778
340 230188
341 234178
342 231938
343 233870
344 234500
345 203798
346 182028
347 185094
348 174104
